b1 = 100000000
b0 <- 0 - b1 * 0
b0